240是头 0 32 41 是Novation的ID 2 和 24是设备的ID

自定义RGB灯光
Pro底部方块：240, 0 ,32, 41, 2 ,16 ,11 ,99 ,63 ,63 ,63 ,247 
颜色x4 63就是255 只不过把0~255压缩到0~63了（255+1）/4 -1
11左下角，0,0,0是关闭灯光

显示文字
Hello,World!：240, 0, 32, 41, 2, 16, 20, 124, 1, 5, 72, 101, 108, 108, 111, 32, 2, 119, 111, 114, 108,100, 33, 247
头 + 20（功能）+颜色+循环（0/1）+ASCII ASCII里面可以加入数字改变速度

240, 0, 32, 41, 2, 16,  
20, 
124, 颜色
1, （0不循环 1循环）
1-7速度
5(速度), 72, 101, 108, 108, 111, 32, 
2(速度), 119, 111, 114, 108,100, 33, 
247(结束)

同理：I Love U
240, 0, 32, 41, 2, 16, 20, 124, 0, 5,73,32,76,111,118,101,32,85, 247



